1580.0
1580.0
1579.5
1579.4
1578.5
1578.5
1577.3
1576.2
1574.5
1574.5
1574.1
1574.1
1573.6
1573.5
1572.9
1571.4
1570.3
1569.5
1569.3
1569.2
1567.8
1567.4
1567.4
1566.8
1566.5
1565.2
1563.9
1562.7
1562.6
1562.2
1562.1
1562.1
1562.0
1561.6
1560.6
1558.2
1557.6
1556.8
1556.5
1555.8
1555.4
1555.4
1554.9
1554.0
1554.0
1552.7
1552.3
1551.9
1551.1
1550.9
1549.2
1548.6
1548.6
1547.9
1547.3
1545.3
1543.8
1543.6
1539.8
1537.7
1537.6
1537.4
1537.3
1535.6
1532.7
1532.6
1531.8
1531.7
1529.4
1528.5
1525.6
1523.1
1521.8
1521.4
1521.3
1520.1
1520.0
1519.6
1519.1
1518.7
1518.0
1517.7
1516.1
1515.1
1515.0
1514.9
1513.3
1512.9
1511.5
1511.3
1510.6
1510.1
1508.9
1508.3
1508.0
1505.0
1504.7
1503.9
1500.6
1499.5
1499.3
1499.0
1498.5
1498.4
1498.1
1498.0
1497.0
1496.4
1496.0
1495.8
1492.6
1488.9
1488.4
1486.8
1486.4
1485.3
1484.3
1484.1
1483.5
1483.1
1482.5
1481.0
1480.0
1479.1
1478.4
1476.7
1475.1
1474.8
1463.9
1461.9
1459.8
1459.6
1456.6
1455.7
1454.7
1454.0
1453.2
1452.3
1452.1
1451.8
1451.2
1447.4
1446.9
1443.5
1443.3
1443.2
1443.1
1442.2
1440.9
1440.1
1439.9
1434.5
1434.1
1433.4
1430.6
1430.3
1428.0
1423.1
1422.0
1419.4
1418.9
1414.1
1413.9
1410.8
1410.7
1410.4
1406.4
1405.6
1404.1
1403.7
1402.2
1401.9
1393.5
1390.3
1390.3
1388.9
1388.5
1387.1
1384.3
1383.0
1382.5
1382.4
1382.1
1382.0
1381.5
1381.3
1378.8
1378.1
1377.0
1375.4
1374.5
1373.8
1373.3
1372.6
1370.4
1370.0
1368.5
1368.1
1367.4
1367.4
1365.4
1365.3
1364.8
1363.3
1360.5
1357.5
1357.3
1357.1
1357.1
1356.7
1354.2
1351.6
1350.5
1348.2
1347.7
1345.3
1345.0
1344.6
1344.3
1343.8
1338.3
1337.9
1337.8
1337.7
1337.4
1334.8
1334.7
1330.1
1328.1
1327.3
1325.4
1320.7
1320.3
1320.2
1319.6
1319.4
1318.8
1318.2
1317.8
1317.4
1315.8
1315.7
1313.9
1311.0
1311.0
1308.3
1308.0
1307.7
1306.6
1306.4
1305.9
1304.8
1304.7
1304.5
1304.4
1303.8
1303.0
1302.0
1301.5
1301.1
1299.6
1298.5
1298.1
1297.6
1297.6
1295.7
1295.6
1295.3
1295.2
1294.8
1291.0
1290.9
1288.6
1288.5
1285.8
1285.5
1284.9
1284.5
1282.4
1282.3
1282.0
1281.6
1280.5
1277.5
1276.7
1276.5
1276.3
1276.2
1274.6
1274.6
1273.9
1273.5
1272.6
1270.7
1270.5
1270.3
1270.2
1269.5
1268.2
1267.3
1266.2
1265.6
1263.5
1261.6
1261.5
1261.4
1260.7
1260.1
1259.7
1259.2
1259.0
1258.7
1256.9
1256.9
1256.8
1256.4
1256.4
1255.8
1255.3
1255.0
1254.8
1253.3
1252.7
1252.4
1252.1
1251.8
1250.5
1250.4
1248.9
1247.4
1245.8
1244.9
1243.5
1242.9
1242.3
1241.0
1240.1
1240.1
1239.5
1239.3
1239.1
1238.2
1238.0
1237.6
1236.7
1235.6
1235.3
1234.7
1233.7
1233.2
1232.5
1229.5
1229.4
1227.4
1227.2
1227.0
1225.1
1224.9
1223.0
1222.8
1222.5
1221.0
1220.1
1219.7
1219.7
1219.5
1219.4
1218.5
1217.9
1217.6
1215.9
1213.2
1211.2
1209.7
1209.6
1209.6
1209.0
1208.9
1207.8
1206.5
1204.8
1204.8
1204.8
1204.3
1204.0
1203.9
1202.2
1200.8
1198.8
1198.4
1196.5
1195.2
1194.2
1194.0
1191.7
1189.6
1189.5
1186.5
1186.2
1185.4
1184.5
1184.0
1183.7
1183.6
1183.4
1182.5
1182.4
1182.2
1182.1
1181.1
1179.1
1179.0
1178.7
1177.5
1177.4
1177.2
1176.5
1176.2
1176.0
1175.7
1175.2
1174.9
1174.8
1174.4
1174.0
1173.8
1171.6
1170.9
1170.0
1169.9
1169.1
1169.0
1167.8
1167.3
1166.9
1166.5
1166.4
1166.2
1165.2
1165.2
1163.6
1163.3
1163.2
1162.9
1161.7
1160.3
1159.9
1159.1
1158.8
1157.2
1157.0
1156.8
1156.8
1155.9
1154.5
1154.5
1153.6
1153.3
1151.3
1150.8
1150.5
1149.8
1148.8
1147.7
1147.7
1147.3
1147.1
1146.5
1146.2
1146.1
1144.0
1144.0
1143.6
1143.5
1143.2
1142.8
1142.5
1141.9
1139.9
1139.7
1138.9
1138.1
1138.0
1137.9
1137.8
1137.6
1136.8
1135.1
1135.1
1134.8
1134.7
1134.0
1133.9
1133.7
1130.7
1130.0
1129.6
1129.0
1128.8
1128.4
1128.1
1127.8
1127.7
1127.2
1126.3
1125.5
1123.9
1123.8
1122.8
1122.8
1122.0
1122.0
1121.1
1120.5
1119.9
1119.9
1119.5
1119.4
1118.6
1118.5
1118.4
1118.3
1118.0
1117.5
1117.4
1117.4
1116.1
1115.8
1115.5
1115.5
1115.0
1114.9
1114.1
1113.4
1113.1
1113.0
1112.4
1112.3
1112.1
1111.9
1111.4
1111.3
1110.9
1110.6
1110.2
1110.1
1109.9
1109.1
1109.1
1108.8
1108.7
1108.6
1108.5
1108.2
1108.2
1108.0
1107.8
1107.5
1106.8
1106.5
1106.2
1105.6
1105.5
1105.5
1105.0
1104.9
1104.8
1104.1
1103.8
1103.0
1102.7
1102.4
1102.1
1102.0
1101.3
1101.0
1099.6
1099.5
1098.8
1097.3
1096.7
1096.6
1096.4
1096.1
1096.0
1095.1
1093.7
1093.3
1093.3
1092.9
1092.9
1092.2
1091.8
1090.7
1090.6
1090.0
1089.7
1089.4
1089.1
1089.1
1089.0
1088.9
1088.7
1087.9
1087.8
1087.7
1087.3
1086.7
1086.6
1086.3
1086.1
1085.5
1085.2
1084.6
1084.5
1084.1
1084.0
1083.9
1083.7
1083.0
1082.9
1082.6
1082.4
1082.2
1081.7
1081.6
1081.4
1081.3
1081.2
1081.2
1081.1
1079.9
1079.7
1079.7
1079.6
1078.9
1078.2
1077.4
1077.1
1076.4
1076.1
1075.7
1075.5
1074.9
1074.5
1074.3
1074.1
1073.2
1072.3
1071.5
1071.4
1070.9
1070.4
1070.1
1069.7
1069.7
1069.6
1069.0
1068.7
1068.6
1067.5
1067.1
1066.7
1065.8
1065.4
1064.3
1064.2
1063.3
1063.1
1063.0
1062.7
1062.6
1062.4
1062.3
1062.1
1062.1
1061.1
1060.9
1060.6
1059.3
1059.1
1058.6
1058.3
1057.8
1057.8
1057.3
1056.9
1056.8
1056.1
1056.1
1055.3
1054.3
1053.9
1053.8
1053.7
1053.2
1051.5
1050.4
1048.3
1048.1
1047.8
1046.8
1045.2
1044.8
1044.8
1044.7
1043.9
1043.6
1043.3
1043.2
1042.3
1041.5
1041.0
1040.9
1040.2
1039.9
1039.7
1038.8
1038.7
1038.6
1037.7
1037.1
1036.5
1035.1
1035.0
1034.1
1033.9
1032.8
1032.5
1031.4
1031.3
1030.5
1030.4
1029.0
1028.7
1028.6
1028.3
1028.2
1027.7
1027.1
1025.8
1024.9
1024.6
1024.5
1024.4
1023.6
1023.5
1023.3
1022.6
1021.8
1021.5
1021.5
1021.5
1020.8
1020.5
1020.3
1019.7
1019.0
1018.4
1018.2
1018.0
1017.3
1017.0
1016.7
1015.0
1014.4
1014.2
1013.3
1013.1
1013.0
1013.0
1012.3
1012.2
1012.1
1011.7
1011.2
1011.1
1010.5
1010.2
1009.6
1008.5
1008.5
1007.7
1007.7
1007.4
1006.9
1006.4
1006.3
1005.3
1005.2
1005.1
1004.9
1004.5
1003.9
1003.7
1003.2
1002.3
1002.1
1001.8
1001.4
1000.8
1000.0
999.6
999.2
998.9
997.8
997.7
997.0
996.3
995.5
995.3
994.7
994.6
992.9
992.8
992.3
992.3
992.1
992.0
991.4
990.3
989.8
989.6
988.6
987.7
987.4
987.4
987.0
984.9
983.9
983.6
982.9
982.5
981.4
980.8
980.4
980.0
979.8
979.2
978.4
977.8
973.9
972.7
972.5
972.1
971.4
969.3
968.6
968.4
968.4
965.4
965.3
965.1
964.7
963.3
963.3
963.0
962.9
962.7
961.9
961.5
960.9
960.5
960.3
960.3
960.1
959.2
959.2
957.6
957.5
957.4
956.9
956.7
956.4
955.9
954.6
954.3
954.2
952.8
952.0
951.9
951.6
950.8
950.8
949.7
949.2
948.6
948.3
947.1
946.6
944.7
941.7
941.6
940.5
939.1
938.8
938.8
937.8
936.8
936.6
936.4
935.9
935.7
935.6
935.3
934.6
932.5
932.4
932.0
931.5
931.0
930.5
930.3
929.9
929.4
928.3
927.6
927.2
926.6
926.6
926.5
926.4
926.3
926.0
925.9
925.8
925.8
925.5
924.7
923.9
923.9
923.0
923.0
921.3
921.2
919.4
918.6
918.5
917.4
917.3
916.8
916.0
915.8
915.4
915.3
915.2
913.7
913.2
913.1
912.2
911.7
911.5
909.5
909.1
908.4
907.8
907.2
906.7
905.8
905.1
904.1
903.7
902.6
902.4
902.3
902.3
900.5
900.5
899.9
899.8
899.5
898.7
898.6
897.8
896.4
895.0
894.5
894.5
893.4
892.8
891.8
891.7
891.5
891.0
890.5
890.1
888.6
888.3
887.7
887.4
886.2
884.7
884.2
884.0
883.9
883.7
883.5
883.2
882.6
882.3
881.4
880.9
880.0
879.5
878.9
878.5
878.5
877.0
876.7
876.0
875.4
875.4
874.7
874.7
873.9
872.9
872.6
872.2
872.0
870.9
869.3
869.1
868.8
868.0
868.0
867.6
867.3
865.4
864.3
863.7
862.5
862.4
862.0
861.9
861.4
859.3
858.8
858.5
858.3
857.8
857.0
856.7
856.5
856.3
856.2
855.7
854.6
854.2
853.8
853.4
853.3
852.7
852.3
852.0
851.8
851.7
850.7
850.5
850.2
850.2
849.9
849.8
848.7
847.9
847.4
847.4
847.3
846.9
846.5
845.7
845.6
844.3
844.1
844.0
842.8
842.6
842.1
841.5
840.3
840.0
839.1
838.8
838.5
837.0
836.9
836.8
835.0
834.6
834.5
833.7
832.8
832.6
832.5
831.8
831.7
831.7
831.6
831.1
830.3
829.5
828.8
827.7
827.3
826.6
826.2
825.8
825.0
823.9
822.5
821.7
820.9
820.8
820.7
819.4
818.9
818.8
818.6
818.1
817.0
816.7
814.5
814.4
813.1
813.0
812.9
812.2
811.8
811.5
810.8
809.5
809.0
808.2
807.6
806.9
806.9
806.5
805.9
805.2
804.5
804.4
804.1
803.9
801.8
801.6
800.4
799.7
798.4
795.4
795.3
795.3
795.3
794.7
792.8
792.7
792.5
792.4
790.7
789.6
789.3
788.7
786.0
785.0
784.4
784.3
784.2
782.9
781.4
779.0
778.4
778.3
777.5
777.0
776.8
776.8
776.7
776.6
776.0
775.2
774.8
771.8
769.4
767.0
765.7
765.2
765.0
764.0
760.1
759.7
758.8
758.2
755.8
754.6
753.6
751.1
749.5
747.2
735.9
732.2
728.6
727.8
726.5
726.3
723.4
715.6
715.4
714.1
705.6
700.9
699.5
698.1
696.1
693.5
689.5
687.4
684.9
682.9
675.3
674.8
674.4
672.9
671.1
663.7
656.7
653.6
650.6
643.3
642.7
640.1
639.9
635.6
635.5
635.5
633.5
631.2
631.1
626.0
623.8
622.8
617.4
616.5
609.7
609.7
605.5
603.5
601.7
601.3
600.4
598.3
594.6
593.7
593.2
590.8
590.6
587.0
581.2
580.3
579.6
579.6
578.6
574.0
572.6
570.0
568.8
568.4
564.2
562.9
561.9
559.7
547.3
546.5
545.6
539.4
534.4
530.2
528.9
528.1
524.7
524.6
520.6
518.7
515.5
513.4
509.2
507.7
507.4
503.2
500.8
499.0
498.6
498.1
498.0
497.9
497.3
497.0
495.3
494.6
493.8
492.3
490.7
490.6
490.3
489.7
489.7
489.1
488.3
487.5
487.1
484.8
484.5
484.4
483.5
483.1
482.8
482.5
481.9
481.4
480.9
480.3
480.0
479.1
478.4
476.3
476.2
475.7
474.7
473.8
473.4
473.3
473.2
472.9
472.2
472.2
472.1
469.6
468.0
466.8
465.6
464.6
464.4
464.0
463.8
463.4
462.9
462.7
462.4
461.6
461.3
459.4
458.8
458.1
457.7
457.5
457.2
456.7
456.1
455.9
455.5
455.3
455.0
454.7
454.5
454.3
453.5
452.6
452.2
451.5
450.9
450.3
450.2
449.6
448.4
448.4
448.0
447.6
444.6
444.4
443.3
442.0
441.4
441.3
439.3
438.7
437.6
436.3
435.9
435.4
434.8
433.9
433.8
433.0
431.3
430.1
430.1
430.0
429.8
429.5
428.7
427.8
427.5
427.5
426.0
425.1
424.8
424.0
423.2
423.1
420.5
420.1
419.2
419.0
417.8
415.1
415.1
414.6
414.4
414.3
413.0
412.7
412.0
411.5
410.8
410.7
410.4
409.5
409.1
408.8
408.0
407.9
406.0
405.8
405.5
405.0
404.7
404.1
403.7
402.4
402.3
402.2
401.2
399.4
398.9
398.6
398.5
398.1
396.8
396.7
396.6
396.2
396.0
396.0
395.3
394.1
393.9
393.7
393.7
392.7
392.5
392.4
391.1
390.6
390.2
389.4
389.3
388.5
388.3
388.2
387.4
386.5
386.3
386.3
386.3
386.0
385.8
384.7
383.4
382.7
382.3
382.0
381.9
381.4
381.2
380.2
379.9
379.2
379.2
378.6
378.6
377.8
377.5
376.9
375.6
375.5
375.4
375.0
374.1
373.8
373.8
373.0
373.0
372.9
372.6
372.4
372.4
372.3
372.0
370.2
369.0
368.9
368.6
368.6
367.0
367.0
366.9
366.9
366.5
366.5
364.8
364.7
364.6
364.2
363.8
363.5
363.5
360.8
359.7
359.5
358.9
358.6
357.8
357.4
357.0
356.8
356.4
356.2
356.1
355.4
355.1
354.8
354.8
354.5
352.9
352.0
351.2
351.2
350.9
349.8
349.8
349.7
348.9
348.2
347.8
347.7
347.5
346.5
346.4
346.1
345.9
345.8
345.6
345.3
343.9
342.4
342.1
341.0
340.7
340.0
339.8
339.2
339.1
338.2
337.2
337.1
336.7
335.3
334.5
334.5
333.0
332.2
331.3
331.1
330.8
330.8
330.4
330.3
330.1
329.7
328.9
328.8
328.8
328.3
327.2
326.8
325.7
325.1
324.9
324.2
323.6
323.3
321.7
321.6
321.3
320.1
319.0
318.4
318.4
317.4
317.3
314.2
314.0
312.8
312.3
312.2
312.1
312.0
310.4
310.0
308.4
307.8
307.4
306.6
306.0
305.1
304.3
303.6
303.5
302.3
301.7
301.4
301.3
299.3
298.8
296.9
296.7
296.7
296.6
296.5
296.0
296.0
293.6
293.2
292.3
291.5
291.3
291.1
290.5
290.2
288.4
288.1
286.1
285.0
284.7
284.1
283.9
283.8
281.8
280.5
278.6
276.7
276.0
276.0
275.5
275.2
273.1
272.3
271.4
266.7
266.5
264.8
264.4
263.8
263.4
262.7
259.6
259.2
259.1
258.6
258.2
255.2
253.9
253.9
253.4
252.7
251.4
251.0
249.1
248.6
248.1
248.1
247.3
246.6
246.4
245.5
244.7
244.6
243.6
242.5
242.5
242.3
242.2
241.2
240.3
239.5
239.2
239.0
238.7
238.3
236.2
236.1
235.8
235.6
234.6
232.4
232.2
232.1
231.8
231.6
230.9
230.4
230.4
230.3
228.0
227.6
227.5
227.5
227.4
227.2
227.2
226.2
226.2
226.1
225.8
225.4
225.4
225.3
224.9
224.9
224.6
224.0
223.9
223.3
223.2
223.1
222.0
221.9
221.6
221.1
221.1
220.7
220.0
219.8
219.2
219.0
219.0
218.7
218.4
218.2
218.1
217.7
217.3
217.0
217.0
216.3
216.0
216.0
215.8
215.2
215.1
215.1
215.0
214.7
214.6
213.8
213.7
213.3
213.0
212.5
212.1
211.9
211.5
211.3
211.2
210.9
209.7
209.4
209.4
208.6
208.5
208.5
208.1
207.7
207.2
206.9
206.8
206.0
206.0
205.8
205.7
205.5
205.5
205.4
204.4
204.4
204.3
203.3
203.3
203.2
203.2
203.1
203.0
202.8
202.6
202.2
202.0
201.8
201.8
201.5
201.2
201.1
201.1
201.1
200.9
200.9
200.8
200.7
200.6
200.6
200.6
200.4
200.4
198.5
198.4
198.3
198.2
197.8
197.7
197.7
197.3
197.2
196.8
196.4
196.2
195.5
195.4
195.1
195.1
195.1
195.0
194.9
194.8
194.5
194.5
194.3
194.2
194.0
194.0
193.9
193.8
193.8
193.8
193.6
193.5
193.4
193.3
193.3
193.3
192.8
192.7
192.5
192.2
192.0
191.9
191.6
191.3
191.2
191.1
191.1
190.8
190.7
190.7
190.7
190.7
190.6
190.4
190.0
189.9
189.8
189.8
189.5
189.5
189.2
189.0
188.7
188.6
188.3
188.2
188.2
188.1
188.1
188.1
187.9
187.8
187.7
187.6
187.5
187.2
186.4
186.3
186.3
185.9
185.8
185.7
185.5
185.1
184.9
184.7
184.7
184.6
184.6
184.4
184.4
184.3
184.2
184.2
184.2
183.6
183.4
183.4
183.2
183.0
183.0
182.9
182.9
182.8
182.8
182.8
182.8
182.6
182.4
182.2
182.1
182.1
182.0
181.8
181.8
181.7
181.7
181.7
181.6
181.6
181.5
181.4
181.2
181.2
181.1
181.1
181.1
181.1
181.0
181.0
180.8
180.6
180.6
180.4
180.3
180.2
180.2
180.1
179.9
179.9
179.8
179.5
179.4
179.4
179.3
179.0
178.9
178.9
178.5
178.5
178.4
178.4
178.0
178.0
178.0
177.9
177.8
177.7
177.7
177.4
177.4
177.4
177.3
177.2
177.2
177.0
177.0
177.0
176.7
176.7
176.7
176.7
176.7
176.2
176.2
176.2
176.1
176.1
176.1
176.0
176.0
176.0
175.9
175.8
175.7
175.4
175.3
175.3
175.3
175.2
175.1
175.1
175.0
175.0
174.8
174.6
174.6
174.1
174.1
173.9
173.9
173.8
173.8
173.6
173.6
173.6
173.5
173.5
173.5
173.5
173.2
173.0
172.9
172.8
172.8
172.8
172.8
172.8
172.6
172.6
172.5
172.5
172.5
172.5
172.4
172.4
172.4
172.3
172.3
172.2
172.1
172.0
171.8
171.7
171.6
171.5
171.4
171.4
171.2
171.2
171.2
171.1
171.1
170.9
170.9
170.7
170.6
170.5
170.5
170.5
170.5
170.3
170.2
169.9
169.9
169.8
169.7
169.6
169.6
169.3
169.3
169.3
169.2
169.1
169.1
168.8
168.7
168.6
168.6
168.5
168.4
168.3
168.3
168.3
168.2
168.0
167.8
167.7
167.7
167.7
167.6
167.6
167.5
167.4
167.4
167.1
167.1
167.1
167.1
167.0
167.0
167.0
166.9
166.9
166.7
166.6
166.6
166.5
166.5
166.5
166.5
166.5
166.4
166.4
166.3
166.3
166.2
166.2
166.1
166.0
166.0
166.0
165.9
165.9
165.9
165.9
165.7
165.7
165.7
165.6
165.6
165.6
165.3
165.3
165.2
165.2
165.2
165.2
165.1
165.0
164.9
164.6
164.6
164.5
164.5
164.5
164.5
164.5
164.4
164.4
164.4
164.3
164.0
164.0
163.9
163.9
163.7
163.6
163.6
163.5
163.5
163.5
163.4
163.3
163.3
163.2
163.2
163.1
163.0
162.9
162.6
162.5
162.4
162.4
162.4
162.3
162.2
162.2
162.0
161.9
161.8
161.7
161.7
161.7
161.6
161.6
161.5
161.5
161.5
161.3
161.3
161.3
161.2
161.2
161.2
161.1
160.9
160.9
160.8
160.8
160.8
160.7
160.6
160.6
160.5
160.1
160.0
160.0
159.9
159.9
159.9
159.8
159.8
159.7
159.7
159.6
159.6
159.6
159.6
159.5
159.5
159.5
159.4
159.3
159.2
159.0
158.9
158.9
158.8
158.7
158.7
158.7
158.7
158.7
158.6
158.5
158.4
158.0
157.9
157.9
157.7
157.6
157.5
157.3
157.3
157.3
157.1
156.7
156.6
156.5
156.5
156.3
156.1
156.0
156.0
155.9
155.9
155.9
155.8
155.8
155.8
155.8
155.8
155.7
155.5
155.5
155.5
155.4
155.4
155.3
155.3
155.2
155.2
155.2
155.2
155.0
155.0
154.8
154.8
154.7
154.6
154.6
154.6
154.6
154.6
154.6
154.5
154.3
154.3
154.3
154.3
153.9
153.9
153.9
153.8
153.8
153.7
153.6
153.5
153.5
153.4
153.4
153.4
153.3
153.2
153.2
153.1
153.0
153.0
152.9
152.9
152.9
152.7
152.6
152.4
152.3
152.3
152.3
152.2
152.2
152.2
152.1
152.0
152.0
151.9
151.8
151.8
151.7
151.7
151.6
151.5
151.5
151.4
151.3
151.3
151.3
151.1
150.9
150.9
150.8
150.8
150.7
150.7
150.7
150.6
150.5
150.4
150.4
150.4
150.4
150.4
150.3
150.2
150.2
150.2
150.2
150.1
150.0
149.9
149.9
149.9
149.9
149.8
149.8
149.7
149.6
149.6
149.6
149.6
149.5
149.4
149.2
149.1
149.1
149.1
149.1
149.0
148.9
148.8
148.7
148.7
148.7
148.6
148.6
148.5
148.5
148.5
148.5
148.5
148.4
148.3
148.3
148.2
148.2
148.1
148.1
148.0
148.0
148.0
148.0
147.9
147.9
147.8
147.8
147.7
147.6
147.5
147.5
147.5
147.5
147.4
147.4
147.3
147.3
147.2
147.2
147.2
147.1
147.1
147.1
147.0
146.9
146.9
146.9
146.9
146.9
146.9
146.8
146.8
146.8
146.7
146.6
146.6
146.6
146.5
146.5
146.4
146.4
146.4
146.2
146.0
146.0
146.0
145.9
145.9
145.9
145.8
145.7
145.7
145.6
145.6
145.5
145.3
145.3
145.2
145.2
145.2
145.2
145.2
145.1
145.0
145.0
144.9
144.9
144.8
144.8
144.8
144.7
144.7
144.6
144.5
144.5
144.5
144.5
144.4
144.3
144.3
144.3
144.2
144.1
144.1
144.0
144.0
144.0
144.0
143.9
143.9
143.9
143.8
143.8
143.8
143.7
143.7
143.6
143.6
143.6
143.6
143.6
143.6
143.5
143.5
143.4
143.3
143.1
143.0
142.9
142.9
142.9
142.8
142.8
142.6
142.6
142.5
142.5
142.5
142.5
142.5
142.4
142.4
142.4
142.4
142.2
142.2
142.1
142.1
142.1
141.9
141.9
141.8
141.7
141.7
141.7
141.3
141.3
141.3
141.2
141.2
141.1
141.1
141.1
141.1
141.1
141.0
141.0
140.8
140.8
140.8
140.7
140.7
140.7
140.6
140.5
140.4
140.4
140.3
140.2
140.1
140.1
140.1
140.1
140.0
140.0
139.9
139.9
139.9
139.9
139.8
139.8
139.8
139.7
139.7
139.7
139.7
139.7
139.6
139.6
139.5
139.5
139.4
139.4
139.4
139.4
139.3
139.1
139.1
139.1
139.0
139.0
139.0
139.0
138.9
138.9
138.8
138.8
138.8
138.7
138.7
138.7
138.6
138.6
138.5
138.5
138.5
138.4
138.3
138.3
138.3
138.2
138.2
138.1
138.1
138.0
138.0
137.9
137.8
137.8
137.8
137.7
137.7
137.4
137.3
137.2
137.2
137.1
137.1
137.0
136.9
136.9
136.9
136.8
136.7
136.7
136.7
136.7
136.7
136.7
136.6
136.5
136.5
136.5
136.4
136.3
136.3
136.3
136.2
136.2
136.2
136.1
135.9
135.9
135.8
135.8
135.8
135.7
135.7
135.7
135.6
135.6
135.5
135.5
135.5
135.5
135.4
135.3
135.3
135.3
135.3
135.3
135.3
135.2
135.1
135.1
135.1
135.0
135.0
134.9
134.8
134.8
134.8
134.7
134.7
134.7
134.5
134.5
134.4
134.4
134.4
134.4
134.4
134.3
134.2
134.2
134.1
134.0
134.0
134.0
134.0
134.0
133.9
133.9
133.9
133.8
133.8
133.6
133.6
133.6
133.5
133.4
133.4
133.4
133.4
133.4
133.3
133.2
133.2
133.1
133.1
133.1
133.1
132.9
132.9
132.8
132.8
132.7
132.7
132.7
132.7
132.6
132.6
132.4
132.3
132.2
132.0
132.0
132.0
131.9
131.8
131.8
131.7
131.6
131.6
131.3
131.3
131.3
131.1
131.1
131.1
130.9
130.9
130.8
130.8
130.7
130.6
130.6
130.5
130.5
130.3
130.1
130.0
130.0
130.0
129.9
129.9
129.8
129.8
129.8
129.7
129.7
129.6
129.5
129.5
129.5
129.4
129.4
129.4
129.3
129.3
129.2
129.0
129.0
129.0
128.8
128.8
128.7
128.7
128.5
128.5
128.3
128.3
128.3
128.2
128.2
128.1
128.0
128.0
127.9
127.9
127.9
127.8
127.8
127.7
127.7
127.6
127.6
127.5
127.5
127.3
127.2
127.2
127.2
127.2
127.1
127.0
126.9
126.9
126.4
126.4
126.4
126.4
126.4
126.3
126.2
126.2
126.1
126.1
126.1
126.0
126.0
126.0
125.9
125.9
125.8
125.8
125.8
125.8
125.8
125.8
125.6
125.6
125.6
125.5
125.5
125.4
125.4
125.3
125.3
125.3
125.3
125.3
125.2
125.0
125.0
125.0
125.0
125.0
125.0
124.8
124.8
124.8
124.7
124.7
124.5
124.4
124.4
124.2
124.2
124.1
123.8
123.7
123.7
123.7
123.6
123.6
123.5
123.4
123.4
123.4
123.3
123.3
123.3
123.2
123.2
123.2
123.1
123.1
122.9
122.8
122.6
122.4
122.4
122.4
122.4
122.4
122.3
122.1
122.0
122.0
121.8
121.7
121.7
121.7
121.6
121.6
121.6
121.6
121.5
121.5
121.4
121.4
121.3
121.3
121.3
121.1
121.1
121.0
121.0
120.9
120.8
120.7
120.6
120.5
120.4
120.3
120.2
120.1
119.9
119.4
119.4
119.3
119.2
119.1
119.0
119.0
118.9
118.9
118.9
118.9
118.8
118.8
118.7
118.6
118.5
118.5
118.4
118.4
118.4
118.4
118.2
118.2
118.1
117.9
117.9
117.9
117.9
117.8
117.8
117.8
117.7
117.7
117.7
117.6
117.5
117.5
117.5
117.5
117.2
117.1
117.0
117.0
116.9
116.9
116.9
116.8
116.6
116.5
116.4
116.4
116.4
116.4
116.2
116.2
116.0
116.0
115.9
115.9
115.8
115.7
115.7
115.7
115.7
115.7
115.5
115.4
115.4
115.3
115.1
115.1
114.9
114.8
114.7
114.4
114.4
114.4
114.3
114.2
114.2
114.1
114.0
113.7
113.7
113.6
113.5
113.4
113.3
113.3
113.2
113.2
113.1
113.1
113.1
113.1
113.0
112.8
112.3
112.2
112.2
112.1
112.1
112.0
112.0
111.8
111.8
111.7
111.7
111.6
111.5
111.5
111.5
111.4
111.4
111.1
110.7
110.6
110.2
110.1
110.0
110.0
110.0
110.0
109.9
109.9
109.7
109.5
109.5
109.1
109.1
109.0
108.8
108.6
108.5
108.4
108.1
108.1
108.1
108.0
108.0
108.0
107.9
107.8
107.2
107.1
107.0
106.9
106.6
106.5
106.5
106.3
106.3
106.2
106.1
105.8
105.8
105.6
105.3
105.2
105.0
104.8
104.8
104.7
104.4
104.4
103.9
103.8
103.8
103.8
103.6
103.5
102.9
102.8
102.8
102.5
102.5
102.4
102.2
102.2
102.2
101.9
101.7
101.6
101.6
101.6
101.4
101.3
100.8
100.8
100.7
100.2
100.1
100.0
99.8
99.7
99.6
99.0
98.7
98.4
98.4
98.0
97.8
97.1
97.1
96.7
96.3
95.5
94.1
93.3
93.2
92.7
92.4
92.3
92.2
90.2
90.1
90.1
89.5
83.5
72.2
0.0
0.0
